[GlassServer]
port = 32276
[WebServer]
port = 8080
[IOCPClient]
active = 0
ip = 127.0.0.1
port = 8092

[VSpeeds]
flap_speed = 335,230,230,220,185,170
[Pusher]
flap_multi = 0.00111,0.00111,0.00111,.000973,.000973,.0009137
flap_offset = 61.0,61.0,61.0,43.14,43.14,42.4